camera_matrix:
  - [900.0, 0.0, 640.0]
  - [0.0, 900.0, 360.0]
  - [0.0, 0.0, 1.0]
dist_coeffs: [0.0, 0.0, 0.0, 0.0, 0.0]
